.git <- c(sha="1f217ed", date="Thu Oct 7 09:08:51 2021 -0500")
