.git <- c(sha="8ebb171", date="Sat Oct 2 09:21:00 2021 -0500")
